2 0.8560000406578183 0.4066666623111814 0.09600000455975533 0.14666666509583592
2 0.6610000313958153 0.3493333295919001 0.06200000294484198 0.10133333224803209
2 0.9710000461200252 0.35999999614432454 0.04600000218488276 0.10666666552424431
2 0.7840000372380018 0.321333329891786 0.04800000227987766 0.08799999905750155
2 0.27400001301430166 0.33333332976326346 0.04800000227987766 0.07466666586697102
2 0.3530000167666003 0.3519999962300062 0.042000001994892955 0.06399999931454659
2 0.401000019046478 0.3293333298061043 0.042000001994892955 0.07733333250507712
2 0.4850000230362639 0.31866666325367987 0.04600000218488276 0.07733333250507712
2 0.5730000272160396 0.3119999966584146 0.04600000218488276 0.07466666586697102
2 0.9570000454550609 0.33599999640136957 0.050000002374872565 0.0693333325907588
