2 0.17000000807456672 0.29305135924369097 0.0720000034198165 0.13293051347136497
2 0.3490000165766105 0.2854984891600907 0.050000002374872565 0.11178247723728418
2 0.4440000210888684 0.31873111752793193 0.04800000227987766 0.09969788510352373
2 0.113000005367212 0.32175226556137204 0.042000001994892955 0.0936555890366435
2 0.30300001439172775 0.3126888214610517 0.03800000180490315 0.08761329296976328
2 0.49000002327375114 0.3262839876115322 0.04000000189989805 0.07854984886944294
2 0.5430000257911161 0.3338368576951325 0.03800000180490315 0.06344410870224237
2 0.2400000113993883 0.31117824744433165 0.05200000246986747 0.08459214493632317
2 0.028000001329928637 0.33534743171185255 0.04400000208988786 0.07250755280256271
2 0.6020000285934657 0.3368580057285726 0.04000000189989805 0.06344410870224237
2 0.687000032630749 0.294561933260411 0.04600000218488276 0.08761329296976328
2 0.7500000356230885 0.3293051356449723 0.03200000151991844 0.06646525673568249
