0 0.2840579808689654 0.6459694834193215 0.023188406601548195 0.04139433451928198
0 0.39347827452002093 0.6394335358636454 0.021739131188951433 0.050108931260183454
0 0.35362320067360997 0.6623093523085117 0.014492754125967622 0.02614379022270441
0 0.49202900257660076 0.6710239490494132 0.01304347871337086 0.02614379022270441
0 0.6181159634725191 0.6209150177892298 0.021739131188951433 0.047930282074958086
0 0.6891304586897604 0.661220027715899 0.01304347871337086 0.023965141037479043
0 0.703623212815728 0.6568627293454483 0.01304347871337086 0.019607842667028308
0 0.7427536489558406 0.6492374571971595 0.010144927888177335 0.021786491852253675
0 0.7942029261030257 0.6557734047528356 0.014492754125967622 0.02614379022270441
0 0.46956523368135095 0.657952053938061 0.017391304951161146 0.030501088593155146
0 0.42753624671604484 0.6492374571971595 0.023188406601548195 0.047930282074958086
0 0.32318841700907797 0.6448801588267088 0.023188406601548195 0.047930282074958086
