0 0.263281 0.671875 0.023438 0.046875
0 0.286719 0.700781 0.026562 0.057813
0 0.321875 0.717187 0.028125 0.059375
0 0.331250 0.666406 0.025000 0.048438
0 0.363281 0.706250 0.023438 0.050000
0 0.391406 0.660156 0.023438 0.054688
0 0.412500 0.688281 0.025000 0.057813
0 0.439844 0.675000 0.026562 0.046875
0 0.472656 0.692969 0.029687 0.054688
0 0.604688 0.676562 0.028125 0.056250
0 0.635938 0.682031 0.028125 0.057813
0 0.671875 0.678125 0.028125 0.053125
0 0.723437 0.685156 0.031250 0.057813
0 0.753125 0.658594 0.028125 0.051562
0 0.775000 0.700781 0.031250 0.057813
0 0.556250 0.686719 0.025000 0.054688
0 0.549219 0.641406 0.026562 0.048438
0 0.504687 0.683594 0.028125 0.048438
1 0.559375 0.760156 0.053125 0.095312
1 0.637500 0.749219 0.053125 0.095312
1 0.715625 0.764844 0.053125 0.095312
1 0.781250 0.771094 0.053125 0.095312
1 0.470313 0.767969 0.053125 0.095312
1 0.406250 0.761719 0.043750 0.085938
1 0.359375 0.762500 0.040625 0.062500
1 0.318750 0.779687 0.040625 0.062500
1 0.282813 0.764062 0.040625 0.062500
1 0.257812 0.728125 0.040625 0.062500
1 0.437500 0.737500 0.040625 0.062500
1 0.678125 0.743750 0.040625 0.062500
