2 0.2200000104494393 0.2243589813588187 0.08800000417977571 0.14615385071374476
2 0.7540000358130783 0.2756410342408344 0.06800000322982669 0.12051282427273691
2 0.06000000284984708 0.26923077763058245 0.06000000284984708 0.11794872162863612
2 0.8160000387579203 0.2910256501054391 0.04800000227987766 0.08974359254352748
2 0.441000020946376 0.28846154746133834 0.04600000218488276 0.08461538725532591
2 0.16300000774208456 0.2564102644100785 0.050000002374872565 0.0871794898994267
2 0.5840000277385116 0.28333334217313677 0.04800000227987766 0.07435897667892277
2 0.39900001895148307 0.24615385383367538 0.05400000256486237 0.0871794898994267
2 0.48600002308376133 0.2782051368849352 0.03600000170990825 0.05384615552611649
2 0.6600000313483179 0.28974359878338873 0.03600000170990825 0.07692307932302356
2 0.7150000339606777 0.280769239529036 0.03800000180490315 0.06410256610251963
2 0.8610000408953056 0.310256419936195 0.050000002374872565 0.0871794898994267
2 0.9770000464050099 0.3089743686141446 0.03800000180490315 0.11538461898453534
2 0.6340000301133841 0.30256411200389266 0.03200000151991844 0.061538463458418846
