2 0.14900000707712024 0.32533332984894514 0.07000000332482159 0.12266666535288095
2 0.26000001234933734 0.35733332950621843 0.06800000322982669 0.11733333207666874
2 0.3550000168615952 0.3439999963156879 0.06600000313483179 0.10666666552424431
2 0.025000001187436283 0.3039999967440963 0.04600000218488276 0.13333333190530539
2 0.06500000308733433 0.3666666627395898 0.05400000256486237 0.09333333233371377
2 0.19000000902451575 0.3639999961014837 0.05200000246986747 0.09333333233371377
2 0.44700002123136073 0.38266666256822646 0.04600000218488276 0.07733333250507712
2 0.4930000234162435 0.3813333292491734 0.034000001614913344 0.06399999931454659
2 0.5370000255061314 0.34799999627284706 0.050000002374872565 0.09333333233371377
0 0.576000027358532 0.3386666630394757 0.04400000208988786 0.10133333224803209
