0 0.1755555598065257 0.4366666772402823 0.04888889007270336 0.08666666876524687
0 0.3200000077486038 0.42500001029111445 0.031111111864447594 0.06333333486691117
0 0.49444445641711354 0.4300000104121864 0.04666666779667139 0.08666666876524687
2 0.7455555736087263 0.42333334358409047 0.04222222324460745 0.08000000193715096
2 0.6833333498798311 0.4300000104121864 0.04222222324460745 0.08000000193715096
2 0.5444444576278329 0.4350000105332583 0.035555556416511536 0.07000000169500709
2 0.2611111174337566 0.4300000104121864 0.03777777869254351 0.06666666828095913
2 0.21000000508502126 0.46333334455266595 0.028888889588415623 0.060000001452863216
2 0.3533333418890834 0.44166667736135423 0.02666666731238365 0.05000000121071935
0 0.4377777883782983 0.4383333439473063 0.04000000096857548 0.07000000169500709
0 0.5888889031484723 0.42500001029111445 0.035555556416511536 0.08333333535119891
