0 0.520312 0.368750 0.043750 0.084375
0 0.576562 0.411719 0.034375 0.070312
0 0.065625 0.291406 0.128125 0.295312
0 0.417187 0.344531 0.056250 0.139063
0 0.474219 0.399219 0.045312 0.104688
0 0.764062 0.427344 0.028125 0.067187
0 0.887500 0.440625 0.034375 0.078125
1 0.891406 0.545312 0.067187 0.159375
1 0.764062 0.532031 0.068750 0.148438
1 0.572656 0.507812 0.060937 0.128125
1 0.514062 0.491406 0.059375 0.170313
1 0.465625 0.539844 0.059375 0.170313
1 0.400781 0.542969 0.098437 0.254688
1 0.072656 0.698438 0.142187 0.603125
