0 0.4950000235112384 0.3438438521698117 0.0740000035148114 0.12912913225591183
0 0.8340000396128744 0.31381382141262293 0.08800000417977571 0.18318318761885166
0 0.2240000106394291 0.361861870624125 0.05200000246986747 0.09909910149872303
0 0.35200001671910286 0.31381382141262293 0.04800000227987766 0.09309309534728527
0 0.12800000607967377 0.3438438521698117 0.04800000227987766 0.09309309534728527
0 0.09500000451225787 0.32282283063977957 0.042000001994892955 0.08708708919584751
0 0.1520000072196126 0.3048048121854663 0.03200000151991844 0.07507507689297199
0 0.1930000091670081 0.30330331064760685 0.03800000180490315 0.07207207381725311
0 0.2380000113043934 0.32132132910192013 0.03200000151991844 0.07207207381725311
0 0.4560000216588378 0.3363363444805145 0.04000000189989805 0.06606606766581535
