2 0.33874999242834747 0.3133333409205079 0.07749999826774001 0.14666667021811008
2 0.06874999846331775 0.29333334043622017 0.10749999759718776 0.1600000038743019
2 0.6262499860022217 0.2916666737291962 0.0824999981559813 0.16333333728834987
2 0.828749981475994 0.306666674092412 0.07749999826774001 0.12666666973382235
2 0.902499979827553 0.3900000094436109 0.09499999787658453 0.153333337046206
2 0.5649999873712659 0.28666667360812426 0.05999999865889549 0.14000000339001417
2 0.2299999948590994 0.3150000076275319 0.12999999709427357 0.21000000508502126
2 0.7012499843258411 0.34833334176801145 0.07249999837949872 0.11000000266358256
2 0.394999991171062 0.3766666757874191 0.05999999865889549 0.12000000290572643
2 0.46499998960644007 0.35000000847503543 0.03999999910593033 0.07333333510905504
