0 0.534375 0.577344 0.034375 0.057813
2 0.648438 0.577344 0.034375 0.057813
2 0.495312 0.709375 0.028125 0.050000
0 0.494531 0.671875 0.029687 0.046875
2 0.477344 0.518750 0.023438 0.046875
2 0.557813 0.444531 0.021875 0.045312
2 0.810156 0.134375 0.017188 0.031250
2 0.696094 0.160156 0.014063 0.026562
2 0.673438 0.158594 0.015625 0.029687
2 0.663281 0.135937 0.017188 0.028125
2 0.707031 0.149219 0.010937 0.023438
2 0.733594 0.196094 0.014063 0.026562
2 0.721094 0.200781 0.010937 0.023438
2 0.588281 0.210938 0.014063 0.021875
2 0.575000 0.206250 0.012500 0.025000
2 0.560937 0.206250 0.012500 0.025000
2 0.522656 0.205469 0.014063 0.026562
2 0.508594 0.217969 0.014063 0.023438
2 0.482031 0.240625 0.014063 0.021875
2 0.485156 0.215625 0.017188 0.025000
2 0.454688 0.175000 0.015625 0.034375
2 0.466406 0.168750 0.014063 0.028125
0 0.414062 0.147656 0.021875 0.039062
2 0.306250 0.139063 0.009375 0.021875
2 0.375781 0.202344 0.014063 0.026562
2 0.489063 0.179688 0.015625 0.025000
2 0.481250 0.188281 0.012500 0.023438
2 0.573438 0.135937 0.012500 0.021875
2 0.573438 0.117969 0.012500 0.020313
2 0.644531 0.189844 0.014063 0.026562
2 0.267188 0.059375 0.015625 0.031250
