2 0.3820000181440264 0.29888267279602587 0.0720000034198165 0.12849161634221673
2 0.6020000285934657 0.347765352926217 0.06800000322982669 0.11452513630501926
2 0.4990000237012282 0.3226256888592616 0.050000002374872565 0.0977653602603823
2 0.913000043365173 0.364525128970854 0.05400000256486237 0.08100558421574533
2 0.09800000465475023 0.2849161927588284 0.04400000208988786 0.07821228820830584
2 0.3180000151041895 0.29469272878486663 0.04400000208988786 0.0921787682455033
2 0.42800002032890916 0.29189943277742714 0.04400000208988786 0.07541899220086634
2 0.5730000272160396 0.2821228967513889 0.04600000218488276 0.06703910417854786
2 0.7250000344356522 0.347765352926217 0.05400000256486237 0.08659217623062432
2 0.8590000408003107 0.3086592088220641 0.03800000180490315 0.07541899220086634
