2 0.08200000389479101 0.5150150274857879 0.08400000398978591 0.1351351384073496
2 0.17400000826455653 0.5315315444022417 0.08400000398978591 0.12612612918019295
2 0.3450000163866207 0.5975976120680571 0.10200000484474003 0.16816817224025726
2 0.7280000345781446 0.6036036182194948 0.11600000550970435 0.18018018454313278
2 0.8720000414177775 0.48798799980431795 0.05600000265985727 0.09309309534728527
2 0.924000043887645 0.4564564675092697 0.05600000265985727 0.10210210457444191
2 0.19800000940449536 0.4249249352142215 0.05600000265985727 0.08108108304440975
2 0.8210000389954075 0.5030030151829123 0.06600000313483179 0.11711711995303631
2 0.034000001614913344 0.4774774890393019 0.06000000284984708 0.10810811072587967
2 0.31700001505669206 0.4189189290627837 0.04600000218488276 0.09309309534728527
2 0.4070000193314627 0.4144144244492054 0.04600000218488276 0.07807807996869087
2 0.48200002289377153 0.4039039136841893 0.03200000151991844 0.06306306459009647
2 0.5010000237962231 0.37837838754057884 0.026000001234933734 0.054054055362939835
2 0.5440000258386135 0.399399409070611 0.03200000151991844 0.07207207381725311
2 0.6820000323932618 0.39339340291917324 0.03600000170990825 0.060060061514377594
2 0.8210000389954075 0.42042043060064316 0.03800000180490315 0.054054055362939835
2 0.7640000362880528 0.4039039136841893 0.04800000227987766 0.06906907074153423
