2 0.097656 0.406250 0.048438 0.081250
2 0.160156 0.310156 0.095312 0.154688
2 0.204687 0.387500 0.043750 0.078125
2 0.243750 0.400781 0.050000 0.092188
2 0.282031 0.394531 0.039062 0.079687
2 0.364844 0.403906 0.035937 0.057813
2 0.595313 0.415625 0.018750 0.037500
2 0.611719 0.432031 0.023438 0.042188
2 0.671094 0.428906 0.032813 0.054688
2 0.745313 0.448437 0.028125 0.050000
2 0.763281 0.428906 0.023438 0.042188
2 0.804688 0.418750 0.037500 0.056250
2 0.897656 0.426563 0.042188 0.071875
2 0.954688 0.412500 0.050000 0.087500
