0 0.816406 0.261719 0.310937 0.445312
0 0.970313 0.221094 0.059375 0.132812
0 0.637500 0.271875 0.037500 0.078125
0 0.513281 0.310156 0.192188 0.314063
0 0.390625 0.244531 0.146875 0.232813
0 0.326562 0.133594 0.137500 0.229687
0 0.289062 0.277344 0.059375 0.098437
0 0.189062 0.300781 0.025000 0.060937
0 0.160938 0.303906 0.037500 0.089063
0 0.107031 0.277344 0.039062 0.067187
2 0.239063 0.296094 0.053125 0.098437
0 0.664062 0.269531 0.043750 0.092188
1 0.540625 0.710156 0.215625 0.479687
1 0.101562 0.371875 0.059375 0.134375
1 0.159375 0.441406 0.084375 0.173437
