0 0.9020000428427011 0.12609970662742853 0.09600000455975533 0.16422287374734879
0 0.8250000391853973 0.6055718469433486 0.13000000617466867 0.20821114350110292
0 0.5440000258386135 0.12023460399359465 0.06000000284984708 0.10557184740900993
0 0.35400001681409776 0.1480938415043056 0.06800000322982669 0.10850439872592688
0 0.15900000755209476 0.31818181788548827 0.06600000313483179 0.09090909082442522
0 0.7870000373804942 0.18035190599039197 0.050000002374872565 0.08504398819059134
0 0.8850000420352444 0.36510263895615935 0.06200000294484198 0.13196480926126242
0 0.6790000322507694 0.39002932514995337 0.058000002754852176 0.08797653950750828
0 0.6940000329632312 0.14662756584584713 0.04800000227987766 0.08211143687367439
0 0.3800000180490315 0.21260997047647834 0.04000000189989805 0.07917888555675745
0 0.35600001690909266 0.32991202315315604 0.09600000455975533 0.1436950145289302
