2 0.8621013141237199 0.28833334031514823 0.08067542221397161 0.15666667046025395
2 0.46341463457793 0.35500000859610736 0.06754221394658089 0.16333333728834987
2 0.24296435294672847 0.34000000823289156 0.07692307699471712 0.18666667118668556
2 0.03470919327810407 0.4500000108964741 0.061913696117699146 0.1600000038743019
2 0.18480300204828382 0.32666667457669973 0.06566604133695364 0.14666667021811008
2 0.7485928712412715 0.25666667288169265 0.09756097570061684 0.2000000048428774
2 0.5562851787544787 0.34000000823289156 0.09568480309098959 0.2000000048428774
2 0.9418386500328779 0.33333334140479565 0.056285178288817406 0.12000000290572643
2 0.702626642305404 0.31000000750645995 0.061913696117699146 0.17333333753049374
2 0.35084427800029516 0.308333340799436 0.09005628526210785 0.20333333825692534
2 0.08161350851878524 0.38833334273658693 0.04690431524068117 0.15000000363215804
