0 0.7375000109896064 0.6546875341446139 0.012500000186264515 0.017708334256894886
0 0.7023437604657374 0.6661458680755459 0.012500000186264515 0.01979166769888252
0 0.7035156354831997 0.7067708701943047 0.013281250197906047 0.01979166769888252
0 0.7835937616764568 0.6437500335741788 0.012500000186264515 0.018750000977888703
0 0.8042968869849574 0.6380208666087128 0.011718750174622983 0.017708334256894886
0 0.8398437625146471 0.6203125323518179 0.012500000186264515 0.01979166769888252
0 0.8777343880792614 0.6192708656308241 0.011718750174622983 0.017708334256894886
0 0.07382812610012479 0.7973958749207668 0.016406250244472176 0.02604166802484542
0 0.8691406379512046 0.18697917641839013 0.008593750128056854 0.013541667372919619
0 0.9433593890571501 0.2661458472139202 0.008593750128056854 0.013541667372919619
0 0.9617187643307261 0.2723958475398831 0.009375000139698386 0.013541667372919619
0 0.995312514831312 0.30000001564621925 0.009375000139698386 0.01666666753590107
0 0.698046885401709 0.21979167812969536 0.008593750128056854 0.014583334093913436
0 0.686328135227086 0.23125001206062734 0.00703125010477379 0.012500000651925802
