0 0.16696750797564164 0.3875338830985129 0.21480144269298762 0.2710027154535055
0 0.3628158821957186 0.047425475204363465 0.05776173248887062 0.08943089609965682
0 0.732851980952546 0.49864499643445015 0.12274368153885007 0.17886179219931364
0 0.9088447596295737 0.46476965700276196 0.06678700319025666 0.10027100471779704
0 0.7978339300025254 0.14092141203582287 0.06498194904997945 0.11382114049047232
0 0.8366425940184854 0.2303523081354797 0.02346570382360369 0.04336043447256088
0 0.8583032437018119 0.2411924167536199 0.030685920384712517 0.04878048878163099
0 0.6850180462352 0.11517615406773984 0.019855595543049276 0.029810298699885607
0 0.6588447612011805 0.09756097756326199 0.021660649683326483 0.03794038016349077
0 0.7265342914615758 0.11246612691320479 0.030685920384712517 0.05691057024523616
