0 0.679688 0.271094 0.084375 0.170313
0 0.757812 0.362500 0.084375 0.187500
0 0.583594 0.410938 0.070312 0.156250
0 0.125781 0.389844 0.057813 0.120313
0 0.397656 0.341406 0.057813 0.129688
0 0.271094 0.372656 0.057813 0.114062
0 0.529687 0.341406 0.050000 0.117188
0 0.338281 0.382812 0.048438 0.106250
0 0.482812 0.353906 0.037500 0.082812
0 0.059375 0.417969 0.034375 0.076563
1 0.751563 0.582812 0.146875 0.256250
1 0.678906 0.420312 0.110937 0.203125
1 0.583594 0.565625 0.110937 0.203125
1 0.528125 0.467187 0.087500 0.162500
1 0.474219 0.454688 0.064062 0.125000
1 0.400781 0.529687 0.098437 0.243750
1 0.346875 0.499219 0.071875 0.160938
1 0.271094 0.537500 0.120313 0.209375
1 0.127344 0.551562 0.120313 0.209375
1 0.048438 0.500000 0.056250 0.106250
