0 0.560937 0.228125 0.081250 0.159375
0 0.880469 0.280469 0.117188 0.220312
0 0.785937 0.134375 0.087500 0.193750
0 0.689063 0.110937 0.068750 0.137500
0 0.539844 0.111719 0.057813 0.117188
0 0.461719 0.150000 0.067187 0.153125
0 0.364063 0.191406 0.081250 0.160938
0 0.331250 0.114844 0.062500 0.123438
2 0.380469 0.067969 0.035937 0.067187
2 0.492969 0.032031 0.026562 0.051562
2 0.593750 0.095312 0.028125 0.043750
2 0.612500 0.081250 0.021875 0.046875
2 0.634375 0.071875 0.025000 0.040625
2 0.656250 0.096875 0.015625 0.034375
2 0.730469 0.121094 0.023438 0.057813
2 0.780469 0.007031 0.017188 0.010937
2 0.728125 0.007812 0.015625 0.012500
2 0.925000 0.008594 0.018750 0.014063
2 0.946094 0.191406 0.032813 0.067187
2 0.950000 0.139844 0.031250 0.045312
2 0.099219 0.035156 0.020313 0.032813
2 0.082031 0.033594 0.023438 0.035937
2 0.133594 0.022656 0.054688 0.042188
