2 0.9090000431751832 0.345659158192575 0.07000000332482159 0.13183279521763325
2 0.6860000325832516 0.3295819880440831 0.06000000284984708 0.11254019103944302
2 0.6310000299708918 0.33762057311832905 0.05400000256486237 0.1028938889503479
2 0.5260000249836594 0.3295819880440831 0.05600000265985727 0.09967845492064953
2 0.7700000365730375 0.3408360071480274 0.04800000227987766 0.09003215283155441
2 0.09700000460725278 0.3440514411777258 0.04600000218488276 0.07717041671276093
2 0.06700000318232924 0.3295819880440831 0.03000000142492354 0.061093246564269066
2 0.2850000135367736 0.34887459222227335 0.04600000218488276 0.0803858507424593
2 0.39300001866649836 0.345659158192575 0.03800000180490315 0.08681671880185604
2 0.42200002004392445 0.3681671964004636 0.028000001329928637 0.06752411462366581
