0 0.116406 0.247656 0.079687 0.120313
0 0.152344 0.400781 0.017188 0.023438
0 0.235937 0.354687 0.021875 0.031250
0 0.252344 0.464062 0.060937 0.084375
0 0.320312 0.459375 0.056250 0.087500
0 0.301563 0.326562 0.046875 0.071875
0 0.496094 0.298438 0.039062 0.075000
0 0.628906 0.500781 0.064062 0.079687
0 0.613281 0.391406 0.007812 0.014063
0 0.708594 0.387500 0.014063 0.018750
0 0.691406 0.421875 0.010937 0.015625
0 0.741406 0.421875 0.017188 0.025000
0 0.748437 0.365625 0.018750 0.025000
0 0.798438 0.446094 0.018750 0.026562
0 0.792188 0.399219 0.009375 0.014063
0 0.809375 0.430469 0.015625 0.023438
0 0.774219 0.383594 0.007812 0.014063
2 0.875781 0.262500 0.048438 0.078125
1 0.069531 0.390625 0.132812 0.250000
1 0.505469 0.408594 0.082812 0.142187
1 0.235156 0.394531 0.042188 0.048438
1 0.294531 0.386719 0.079687 0.054688
