0 0.8646209331927821 0.43852457811590284 0.03971119108609855 0.06830600905232131
0 0.8366425940184854 0.4508196597453207 0.016245487262494862 0.038251365069299936
0 0.7978339300025254 0.4521857799263671 0.01805054140277207 0.035519124707207084
0 0.7481949411449023 0.4303278570296243 0.037906136945821345 0.06284152832813561
0 0.6444043280789629 0.45901638083159924 0.03971119108609855 0.07650273013859987
0 0.5785198519588448 0.42759561666753143 0.03429602866526693 0.057377047603949904
0 0.5433212962234393 0.4316939772106707 0.02888086624443531 0.05464480724185705
0 0.4404332102276385 0.42896173684857786 0.04693140764720738 0.08743169158697128
0 0.40523465449223295 0.4426229386590421 0.027075812104158103 0.04918032651767135
0 0.3149819474783726 0.46038250101264566 0.04151624522637576 0.07377048977650702
0 0.24638989014783874 0.4426229386590421 0.055956678348593414 0.1038251337595284
0 0.22111913218395784 0.3893442515982315 0.03429602866526693 0.057377047603949904
0 0.16335739969508722 0.4316939772106707 0.04512635350693017 0.07650273013859987
0 0.06498194904997945 0.40163933322764933 0.05054151592776179 0.09289617231115699
0 0.03158844745485112 0.45491802028845996 0.055956678348593414 0.20491802715696394
