0 0.259375 0.271875 0.043750 0.118750
0 0.325000 0.264844 0.040625 0.114062
0 0.381250 0.519531 0.040625 0.114062
0 0.469531 0.492188 0.039062 0.112500
0 0.539844 0.483594 0.042188 0.114062
0 0.393750 0.267188 0.037500 0.109375
0 0.455469 0.264844 0.035937 0.114062
0 0.542969 0.246875 0.039062 0.112500
0 0.612500 0.269531 0.037500 0.123438
0 0.668750 0.224219 0.034375 0.095312
0 0.756250 0.192969 0.037500 0.104688
2 0.177344 0.560156 0.045312 0.123438
2 0.070312 0.271875 0.040625 0.118750
2 0.175781 0.294531 0.042188 0.117188
2 0.835156 0.205469 0.035937 0.095312
2 0.921875 0.190625 0.037500 0.109375
