2 0.073438 0.379688 0.046875 0.059375
2 0.137500 0.233594 0.034375 0.045312
0 0.025000 0.590625 0.043750 0.171875
0 0.137500 0.475000 0.059375 0.106250
0 0.175000 0.371875 0.037500 0.062500
0 0.579688 0.353125 0.031250 0.053125
0 0.611719 0.380469 0.035937 0.073438
0 0.640625 0.481250 0.087500 0.121875
0 0.720313 0.578125 0.109375 0.156250
0 0.678125 0.353125 0.034375 0.062500
0 0.730469 0.380469 0.045312 0.082812
0 0.799219 0.414062 0.051562 0.093750
0 0.853125 0.376563 0.056250 0.081250
0 0.917969 0.359375 0.042188 0.065625
0 0.975000 0.384375 0.050000 0.081250
0 0.949219 0.540625 0.092188 0.168750
0 0.478125 0.471875 0.065625 0.100000
0 0.487500 0.624219 0.093750 0.182812
0 0.320312 0.456250 0.078125 0.115625
0 0.383594 0.415625 0.051562 0.081250
0 0.271094 0.376563 0.035937 0.071875
0 0.311719 0.362500 0.035937 0.062500
0 0.234375 0.573438 0.121875 0.178125
0 0.490625 0.332813 0.043750 0.062500
