2 0.1194196481956169 0.6116071542492136 0.1540178640279919 0.24107143306173384
2 0.4162946614669636 0.6800595364766195 0.18526786542497575 0.27678571944124997
2 0.029017858440056443 0.433035722351633 0.05357143096625805 0.14583333604969084
2 0.027901786961592734 0.3437500064028427 0.05133928800933063 0.11011904967017472
2 0.15959822142031044 0.34077381587121636 0.07812500349245965 0.10416666860692203
2 0.30245537066366524 0.3184523868840188 0.06473214575089514 0.10119047807529569
2 0.5792410973226652 0.37202381645329297 0.06919643166474998 0.11904762126505375
2 0.7165178891737014 0.37797619751654565 0.08482143236324191 0.1428571455180645
2 0.8537946810247377 0.6175595353124663 0.17633929359726608 0.23511905199848115
2 0.9040178975556046 0.4434523892123252 0.11160714784637094 0.16666666977107525
