0 0.1932397919590585 0.2987882591842208 0.0642006789566949 0.1256377525278367
0 0.24234693381004035 0.292091830749996 0.056122447829693556 0.13392856868449599
0 0.28613944991957396 0.2723214229918085 0.056122447829693556 0.12244897708296776
0 0.32610543549526483 0.2806122391484678 0.04251700593158603 0.08928571245633066
0 0.34523808816447854 0.3313137687218841 0.055272107711061835 0.09885203879093751
0 0.3849914887105115 0.3115433609636966 0.036989795160479844 0.09247448790119961
0 0.47576529637444764 0.24107142363209277 0.057823128066957 0.09438775316812098
0 0.5469812813098542 0.28858417776064016 0.05144557717721909 0.10267856932478026
0 0.5818452261737548 0.2796556065150071 0.03613945504184812 0.09119897772325203
0 0.672406448808033 0.30197703462908976 0.05059523705858737 0.1001275489688851
0 0.7159863798879087 0.30229591217357665 0.04591836640611291 0.10586734476964921
0 0.7568027055822313 0.28985968793858774 0.03571428498253226 0.09502550825709477
0 0.7927295755944215 0.2857142798602581 0.04889455682132393 0.10331632441375405
0 0.845875833008904 0.286033157404745 0.06335033883806318 0.11160714057041332
0 0.6139455656521022 0.2735969331697561 0.011904761660844088 0.026785713736899197
0 0.915816307766363 0.2908163205720484 0.013605441898107529 0.025510203558951616
0 0.9800169867230579 0.28188774932641536 0.01445578201673925 0.024234693381004035
