0 0.12692307704128325 0.2816666734870523 0.07307692314498127 0.17000000411644578
0 0.16346153861377388 0.35000000847503543 0.04230769234709442 0.08666666876524687
0 0.23076923098415136 0.308333340799436 0.04230769234709442 0.13666666997596622
0 0.4461538465693593 0.30333334067836404 0.04615384619683027 0.1000000024214387
0 0.6019230774836615 0.25500000617466867 0.0615384615957737 0.15000000363215804
0 0.5634615389863029 0.30333334067836404 0.05000000004656613 0.1066666692495346
0 0.7519230776233599 0.24000000581145287 0.09230769239366055 0.18666667118668556
0 0.8730769238900393 0.27333333995193243 0.10384615394286811 0.2066666716709733
0 0.9269230777863413 0.2666666731238365 0.04230769234709442 0.17333333753049374
2 0.27692307718098164 0.2816666734870523 0.06923076929524541 0.13666666997596622
2 0.48750000045401976 0.24000000581145287 0.07115384622011334 0.1600000038743019
