0 0.9238889112602919 0.4116666766349226 0.05888889031484723 0.1300000031478703
0 0.7916666858363897 0.44666667748242617 0.05666666803881526 0.11000000266358256
0 0.7366666845045984 0.46333334455266595 0.06222222372889519 0.11333333607763052
0 0.7061111282091588 0.43916667730081826 0.030000000726431608 0.07166666840203106
0 0.5988889033906162 0.4433333440683782 0.04888889007270336 0.08666666876524687
0 0.5094444567803293 0.4208333435235545 0.04111111210659146 0.08833333547227085
0 0.4516666776034981 0.42333334358409047 0.045555556658655405 0.09666666900739074
0 0.4055555653758347 0.46416667790617794 0.04888889007270336 0.08833333547227085
0 0.3688888978213072 0.44083334400784224 0.04444444552063942 0.08833333547227085
0 0.2972222294192761 0.45583334437105805 0.045555556658655405 0.0916666688863188
0 0.23166667227633297 0.41000000992789865 0.047777778934687376 0.076666668523103
0 0.16388889285735786 0.4500000108964741 0.03444444527849555 0.08000000193715096
0 0.1222222251817584 0.4500000108964741 0.03777777869254351 0.076666668523103
0 0.539444457506761 0.4358333438867703 0.06333333486691117 0.1150000027846545
0 0.09611111343838274 0.4308333437656984 0.021111111622303724 0.03500000084750354
