0 0.073438 0.499219 0.018750 0.035937
0 0.098437 0.491406 0.018750 0.035937
0 0.128125 0.510156 0.018750 0.035937
0 0.157812 0.519531 0.018750 0.032813
0 0.168750 0.505469 0.018750 0.032813
0 0.148438 0.492188 0.015625 0.028125
0 0.161719 0.461719 0.017188 0.032813
0 0.185156 0.462500 0.014063 0.028125
0 0.208594 0.453125 0.014063 0.025000
0 0.197656 0.532031 0.017188 0.035937
0 0.221875 0.532031 0.015625 0.035937
0 0.207813 0.508594 0.015625 0.026562
0 0.217969 0.493750 0.017188 0.031250
0 0.225781 0.478906 0.017188 0.032813
0 0.244531 0.460938 0.014063 0.031250
0 0.265625 0.453125 0.009375 0.025000
0 0.287500 0.459375 0.012500 0.028125
0 0.260156 0.482812 0.014063 0.018750
0 0.275000 0.476562 0.012500 0.021875
0 0.282813 0.497656 0.018750 0.032813
0 0.271094 0.504687 0.014063 0.031250
0 0.259375 0.501563 0.015625 0.025000
0 0.247656 0.497656 0.017188 0.032813
0 0.255469 0.527344 0.017188 0.032813
0 0.310156 0.488281 0.017188 0.029687
0 0.322656 0.466406 0.014063 0.029687
0 0.309375 0.437500 0.012500 0.021875
0 0.313281 0.402344 0.010937 0.017188
0 0.342187 0.350781 0.009375 0.017188
0 0.353125 0.345313 0.009375 0.015625
0 0.338281 0.483594 0.017188 0.032813
0 0.345313 0.457813 0.012500 0.025000
0 0.363281 0.444531 0.014063 0.023438
0 0.383594 0.450000 0.017188 0.025000
0 0.369531 0.482031 0.017188 0.032813
0 0.389062 0.480469 0.015625 0.035937
0 0.404687 0.466406 0.015625 0.023438
0 0.408594 0.447656 0.010937 0.023438
0 0.411719 0.400000 0.010937 0.015625
0 0.507812 0.398438 0.009375 0.018750
0 0.430469 0.449219 0.014063 0.026562
0 0.452344 0.446094 0.014063 0.032813
0 0.471875 0.446094 0.015625 0.017188
0 0.475781 0.465625 0.014063 0.021875
0 0.501563 0.460938 0.015625 0.025000
0 0.524219 0.453125 0.020313 0.025000
0 0.521875 0.485156 0.015625 0.035937
0 0.522656 0.522656 0.014063 0.032813
0 0.532031 0.600000 0.017188 0.046875
0 0.490625 0.592187 0.018750 0.040625
0 0.497656 0.525000 0.017188 0.037500
0 0.502344 0.488281 0.014063 0.029687
0 0.473438 0.521094 0.018750 0.035937
0 0.457031 0.504687 0.014063 0.031250
0 0.443750 0.482812 0.015625 0.031250
0 0.467969 0.486719 0.014063 0.032813
0 0.444531 0.526563 0.017188 0.034375
0 0.421875 0.526563 0.018750 0.034375
0 0.421094 0.492188 0.014063 0.028125
0 0.402344 0.499219 0.014063 0.035937
0 0.391406 0.539844 0.017188 0.035937
0 0.375781 0.514062 0.014063 0.028125
0 0.375781 0.548438 0.017188 0.034375
0 0.345313 0.517188 0.015625 0.037500
0 0.328125 0.528906 0.018750 0.035937
0 0.303906 0.533594 0.017188 0.032813
0 0.175000 0.610938 0.021875 0.040625
0 0.180469 0.668750 0.020313 0.040625
0 0.200781 0.659375 0.023438 0.040625
0 0.209375 0.598437 0.018750 0.037500
0 0.239844 0.596094 0.020313 0.039062
0 0.239844 0.650000 0.020313 0.043750
0 0.278906 0.653125 0.020313 0.043750
0 0.276562 0.596094 0.018750 0.039062
0 0.300781 0.589063 0.017188 0.040625
0 0.332031 0.594531 0.017188 0.035937
0 0.333594 0.648438 0.017188 0.040625
0 0.362500 0.603906 0.021875 0.039062
0 0.380469 0.643750 0.020313 0.040625
0 0.396875 0.603906 0.015625 0.039062
0 0.425000 0.605469 0.018750 0.035937
0 0.476562 0.642188 0.018750 0.043750
0 0.493750 0.637500 0.018750 0.043750
0 0.603125 0.650000 0.021875 0.043750
0 0.557031 0.601562 0.020313 0.037500
0 0.634375 0.628125 0.021875 0.043750
0 0.660937 0.646875 0.018750 0.040625
0 0.692969 0.603125 0.020313 0.040625
0 0.714063 0.648438 0.018750 0.040625
0 0.759375 0.650000 0.021875 0.037500
0 0.814063 0.653125 0.018750 0.037500
0 0.546875 0.524219 0.018750 0.035937
0 0.581250 0.527344 0.018750 0.032813
0 0.603125 0.528125 0.018750 0.043750
0 0.626563 0.528125 0.018750 0.037500
0 0.652344 0.523438 0.020313 0.040625
0 0.667969 0.511719 0.020313 0.032813
0 0.681250 0.539062 0.018750 0.043750
0 0.702344 0.542969 0.020313 0.035937
0 0.724219 0.535937 0.020313 0.037500
0 0.751563 0.562500 0.021875 0.040625
0 0.784375 0.553906 0.018750 0.035937
0 0.814844 0.546875 0.017188 0.031250
0 0.905469 0.528906 0.020313 0.035937
0 0.925781 0.507031 0.017188 0.029687
0 0.949219 0.523438 0.020313 0.040625
0 0.854688 0.517188 0.018750 0.037500
0 0.827344 0.506250 0.020313 0.037500
0 0.804688 0.503125 0.018750 0.037500
0 0.787500 0.504687 0.018750 0.034375
0 0.891406 0.474219 0.017188 0.035937
0 0.866406 0.450781 0.017188 0.029687
0 0.859375 0.488281 0.018750 0.035937
0 0.841406 0.493750 0.014063 0.031250
0 0.770312 0.478906 0.018750 0.039062
0 0.782813 0.460938 0.015625 0.031250
0 0.800000 0.474219 0.015625 0.029687
0 0.800781 0.440625 0.014063 0.021875
0 0.764844 0.444531 0.017188 0.023438
0 0.744531 0.449219 0.017188 0.026562
0 0.732812 0.466406 0.015625 0.023438
0 0.733594 0.500781 0.014063 0.026562
2 0.717187 0.495312 0.018750 0.028125
0 0.695312 0.508594 0.018750 0.026562
0 0.682031 0.489844 0.017188 0.026562
0 0.660937 0.486719 0.018750 0.026562
0 0.644531 0.486719 0.014063 0.032813
0 0.630469 0.499219 0.014063 0.029687
0 0.628125 0.478125 0.015625 0.021875
0 0.606250 0.499219 0.012500 0.020313
0 0.598437 0.486719 0.015625 0.026562
0 0.610156 0.475781 0.014063 0.026562
0 0.664844 0.447656 0.014063 0.029687
0 0.682031 0.455469 0.017188 0.029687
0 0.640625 0.458594 0.018750 0.029687
0 0.705469 0.402344 0.007812 0.017188
0 0.700000 0.352344 0.009375 0.014063
0 0.687500 0.343750 0.009375 0.012500
0 0.669531 0.334375 0.010937 0.015625
0 0.590625 0.400000 0.009375 0.015625
0 0.615625 0.442188 0.015625 0.025000
0 0.596875 0.455469 0.015625 0.023438
0 0.584375 0.438281 0.012500 0.026562
0 0.560937 0.488281 0.018750 0.029687
0 0.538281 0.493750 0.020313 0.025000
0 0.547656 0.473438 0.017188 0.021875
0 0.556250 0.457031 0.015625 0.026562
0 0.541406 0.427344 0.014063 0.026562
2 0.511719 0.426563 0.014063 0.021875
0 0.827344 0.440625 0.017188 0.031250
0 0.494531 0.426563 0.010937 0.021875
2 0.444531 0.642969 0.017188 0.032813
