0 0.385937 0.656250 0.062500 0.112500
0 0.912500 0.656250 0.065625 0.112500
0 0.125000 0.643750 0.071875 0.096875
0 0.717187 0.675781 0.062500 0.114062
0 0.850000 0.702344 0.084375 0.132812
0 0.275781 0.715625 0.057813 0.100000
0 0.783594 0.729688 0.032813 0.093750
0 0.766406 0.578906 0.035937 0.073438
0 0.687500 0.597656 0.040625 0.057813
1 0.122656 0.841406 0.114062 0.270313
1 0.278906 0.860938 0.082812 0.221875
1 0.388281 0.850781 0.098437 0.251563
1 0.732031 0.855469 0.098437 0.251563
