2 0.079687 0.414062 0.040625 0.081250
2 0.259375 0.260156 0.015625 0.029687
2 0.279687 0.260937 0.015625 0.034375
2 0.292969 0.259375 0.020313 0.037500
2 0.323437 0.215625 0.015625 0.031250
2 0.345313 0.216406 0.018750 0.029687
2 0.332031 0.250000 0.017188 0.037500
2 0.337500 0.280469 0.021875 0.048438
2 0.370312 0.209375 0.015625 0.031250
2 0.385937 0.193750 0.015625 0.025000
2 0.386719 0.225000 0.020313 0.034375
2 0.407031 0.233594 0.020313 0.039062
2 0.403906 0.285938 0.023438 0.056250
2 0.406250 0.170313 0.015625 0.031250
2 0.423438 0.182812 0.015625 0.028125
2 0.444531 0.186719 0.020313 0.035937
2 0.439063 0.228906 0.018750 0.039062
2 0.464062 0.246094 0.021875 0.035937
2 0.450781 0.146875 0.014063 0.028125
2 0.459375 0.171094 0.015625 0.029687
2 0.479687 0.185156 0.015625 0.032813
2 0.480469 0.160938 0.017188 0.034375
2 0.475000 0.147656 0.015625 0.029687
2 0.485938 0.132031 0.012500 0.023438
2 0.498437 0.147656 0.015625 0.032813
2 0.523438 0.153125 0.015625 0.031250
2 0.533594 0.129688 0.014063 0.028125
2 0.556250 0.111719 0.012500 0.023438
2 0.561719 0.143750 0.020313 0.034375
2 0.540625 0.167969 0.021875 0.035937
2 0.504687 0.202344 0.018750 0.042188
2 0.527344 0.215625 0.023438 0.050000
2 0.583594 0.129688 0.014063 0.031250
2 0.582031 0.157812 0.020313 0.040625
2 0.592969 0.098437 0.014063 0.028125
2 0.610156 0.110156 0.010937 0.026562
2 0.613281 0.144531 0.020313 0.042188
2 0.623437 0.095312 0.009375 0.028125
2 0.638281 0.102344 0.010937 0.029687
2 0.646094 0.107813 0.010937 0.025000
2 0.668750 0.117969 0.012500 0.026562
2 0.690625 0.092969 0.012500 0.032813
2 0.733594 0.117969 0.014063 0.032813
2 0.750000 0.103125 0.012500 0.025000
2 0.779687 0.110156 0.012500 0.029687
2 0.768750 0.125781 0.012500 0.029687
2 0.796875 0.131250 0.012500 0.031250
2 0.810156 0.122656 0.010937 0.026562
2 0.827344 0.131250 0.017188 0.037500
2 0.867969 0.121875 0.014063 0.037500
2 0.890625 0.125000 0.012500 0.031250
2 0.925000 0.150000 0.012500 0.028125
2 0.703906 0.142969 0.014063 0.029687
2 0.682813 0.150000 0.015625 0.031250
2 0.741406 0.139844 0.017188 0.029687
2 0.696875 0.175781 0.015625 0.029687
2 0.656250 0.182812 0.015625 0.040625
2 0.608594 0.201563 0.023438 0.040625
2 0.555469 0.237500 0.023438 0.050000
2 0.482031 0.310156 0.026562 0.051562
2 0.560937 0.292187 0.025000 0.046875
2 0.597656 0.332813 0.026562 0.053125
2 0.676562 0.348438 0.028125 0.059375
2 0.608594 0.268750 0.026562 0.056250
2 0.667188 0.253125 0.028125 0.050000
2 0.800000 0.168750 0.018750 0.046875
2 0.810937 0.160938 0.018750 0.034375
2 0.846875 0.171875 0.015625 0.028125
2 0.865625 0.157812 0.012500 0.028125
2 0.920312 0.189844 0.018750 0.039062
2 0.896094 0.180469 0.020313 0.032813
2 0.882031 0.198437 0.017188 0.031250
2 0.863281 0.225000 0.020313 0.046875
2 0.919531 0.282031 0.023438 0.054688
2 0.754687 0.176563 0.018750 0.028125
2 0.717187 0.167969 0.018750 0.029687
2 0.735156 0.205469 0.020313 0.035937
2 0.756250 0.225781 0.021875 0.057813
2 0.706250 0.218750 0.021875 0.053125
2 0.706250 0.296875 0.031250 0.043750
2 0.778906 0.291406 0.023438 0.054688
