0 0.8150000387104228 0.4506666618399322 0.050000002374872565 0.09066666569560766
0 0.5790000275010243 0.4226666621398181 0.04600000218488276 0.09333333233371377
2 0.935000044410117 0.4586666617542505 0.09800000465475023 0.16533333156257868
2 0.2860000135842711 0.4573333284351975 0.05200000246986747 0.09333333233371377
2 0.48200002289377153 0.4559999951161444 0.05600000265985727 0.09066666569560766
2 0.34400001633912325 0.4586666617542505 0.03200000151991844 0.053333332762122154
2 0.0760000036098063 0.4826666614972055 0.05600000265985727 0.07466666586697102
0 0.17800000845454633 0.4679999949876219 0.04000000189989805 0.05599999940022826
0 0.6420000304933637 0.44933332852087915 0.028000001329928637 0.06133333267644048
0 0.6660000316333026 0.45466666179709136 0.028000001329928637 0.05599999940022826
0 0.6200000294484198 0.44933332852087915 0.02400000113993883 0.05599999940022826
2 0.5330000253161415 0.45466666179709136 0.02200000104494393 0.06133333267644048
2 0.43800002080388367 0.44399999524466693 0.03200000151991844 0.050666666124016047
2 0.38900001847650856 0.47199999494478106 0.03000000142492354 0.04799999948590994
