0 0.1190000056521967 0.7694611065089703 0.06200000294484198 0.06586826592683792
0 0.26800001272931695 0.6751497257500887 0.06000000284984708 0.10479042306542397
0 0.678000032203272 0.6661676894873381 0.04800000227987766 0.06886227801442146
0 0.9770000464050099 0.6556886471807957 0.04600000218488276 0.10778443515300751
0 0.2860000135842711 0.16317365877330303 0.04400000208988786 0.08083832636475563
0 0.5020000238437206 0.17215569503605366 0.04000000189989805 0.06287425383925438
0 0.5690000270260498 0.22754491865634918 0.03800000180490315 0.06586826592683792
0 0.7200000341981649 0.37874252907931805 0.028000001329928637 0.04491018131375313
0 0.6690000317757949 0.44610780104994774 0.03000000142492354 0.053892217576503754
2 0.40600001928396523 0.05089820548892021 0.05600000265985727 0.08982036262750626
