0 0.14818181918235496 0.3301630496280268 0.07454545504879206 0.13858695910312235
0 0.4154545482597314 0.36956522427499294 0.03454545477870852 0.07065217522904277
0 0.8736363695352338 0.355978267500177 0.06727272772695869 0.1141304369084537
0 0.7545454596402124 0.4048913118895143 0.05818181857466698 0.0978260887786746
0 0.7681818233686499 0.35461957182269543 0.045454545761458576 0.08967391471378505
0 0.6736363681848161 0.3763587026624009 0.04909090942237526 0.09510869742371142
0 0.6027272767969407 0.39266305079218 0.04909090942237526 0.08967391471378505
0 0.5645454583573155 0.3586956588551402 0.03454545477870852 0.0815217406488955
0 0.5327272763242945 0.3777173983398825 0.04363636393100023 0.07065217522904277
0 0.46727273042779416 0.36684783292002976 0.04363636393100023 0.0815217406488955
0 0.3918181844637729 0.3600543545326218 0.027272727456875145 0.06250000116415322
0 0.3636363660916686 0.3750000069849193 0.032727272948250175 0.07608695793896914
0 0.3254545476520434 0.3573369631776586 0.03636363660916686 0.06793478387407959
0 0.6163636405253783 0.3410326150478795 0.03636363660916686 0.06793478387407959
