0 0.06500000308733433 0.5135135259479284 0.02200000104494393 0.036036036908626556
0 0.12300000584218651 0.5300300428643823 0.026000001234933734 0.03303303383290768
0 0.17300000821705908 0.5525525659322739 0.03000000142492354 0.036036036908626556
0 0.27600001310929656 0.5690690828487277 0.028000001329928637 0.045045046135783195
0 0.42400002013891935 0.5720720859244466 0.03600000170990825 0.051051052287220955
0 0.5820000276435167 0.5930931074544787 0.03600000170990825 0.051051052287220955
0 0.7070000335806981 0.587087101303041 0.03800000180490315 0.057057058438658714
0 0.8770000416552648 0.5930931074544787 0.03800000180490315 0.06906907074153423
0 0.8140000386629254 0.5675675813108683 0.03200000151991844 0.048048049211502075
0 0.8510000404203311 0.5915916059166193 0.034000001614913344 0.060060061514377594
