0 0.353906 0.393750 0.042188 0.193750
0 0.244531 0.432812 0.045312 0.184375
0 0.675000 0.373437 0.037500 0.134375
0 0.850000 0.402344 0.059375 0.192188
0 0.900781 0.365625 0.026562 0.090625
0 0.784375 0.395313 0.028125 0.100000
0 0.746094 0.389062 0.023438 0.081250
1 0.225781 0.679688 0.098437 0.337500
1 0.355469 0.648438 0.098437 0.337500
1 0.681250 0.548438 0.081250 0.253125
1 0.862500 0.696094 0.093750 0.404687
1 0.902344 0.493750 0.054688 0.171875
1 0.791406 0.539062 0.060937 0.187500
1 0.746875 0.503125 0.040625 0.153125
