0 0.11090909165795892 0.3555858260951936 0.08363636420108378 0.1607629405334592
0 0.16181818291079253 0.31880108546465635 0.06909090955741704 0.14168937131762505
0 0.31454545666929334 0.3528610304929316 0.0800000005401671 0.15531334932893515
0 0.3990909117856063 0.3119890964590013 0.06727272772695869 0.14441416691988707
0 0.47181818500394 0.3133514942601323 0.08181818237062544 0.16893732734024525
0 0.7436363686574623 0.3269754722714424 0.06181818223558366 0.11989100649952888
0 0.848181823908817 0.3106266986578703 0.06000000040512532 0.11444141529500484
0 0.9509090973297134 0.3079019030556083 0.09090909152291715 0.1634877361357212
0 0.5663636401877739 0.3242506766691804 0.08909090969245881 0.16893732734024525
0 0.6345454588299617 0.36103541729971766 0.03636363660916686 0.06267029885202646
0 0.6736363681848161 0.32970026787370443 0.07090909138787538 0.136239780113101
0 0.8063636418082751 0.34741143928840756 0.08545454603154212 0.1607629405334592
