0 0.075781 0.482812 0.045312 0.118750
0 0.126562 0.471875 0.043750 0.096875
0 0.182031 0.464062 0.032813 0.081250
0 0.215625 0.493750 0.034375 0.065625
0 0.548438 0.482812 0.034375 0.075000
0 0.599219 0.458594 0.032813 0.079687
0 0.437500 0.469531 0.037500 0.079687
0 0.401562 0.458594 0.028125 0.070312
0 0.356250 0.469531 0.034375 0.079687
0 0.278125 0.480469 0.037500 0.070312
0 0.633594 0.469531 0.029687 0.079687
0 0.495312 0.471875 0.037500 0.075000
2 0.731250 0.491406 0.034375 0.070312
0 0.785937 0.491406 0.031250 0.070312
