0 0.17179023940116167 0.4433735031634569 0.03254972957074642 0.05783132649958134
0 0.1980108548887074 0.43855422595515847 0.019891501404345036 0.03373494045808911
0 0.24050633516162634 0.4313253101427108 0.021699819713830948 0.03855421766638756
0 0.2748643830418587 0.4301204908406362 0.04701627604663372 0.0746987967286259
0 0.33092225063592196 0.4228915750281885 0.036166366189718246 0.06024096510373056
0 0.3571428661234677 0.44578314176760614 0.019891501404345036 0.02891566324979067
0 0.4150090520270169 0.4325301294447854 0.01627486478537321 0.03132530185393989
0 0.44032550835981965 0.44819278037175536 0.01627486478537321 0.02891566324979067
0 0.5081374449655414 0.43614458735100925 0.018083183094859123 0.03373494045808911
0 0.5325497421436012 0.4204819364240393 0.03797468449920416 0.0746987967286259
0 0.556962039321661 0.44939759967383 0.025316456332802773 0.045783133478835225
0 0.6374322040937841 0.45783133478835225 0.04159132111817598 0.06265060370787978
0 0.8200723533518612 0.45542169618420303 0.04159132111817598 0.07228915812447667
