0 0.299219 0.384375 0.060937 0.112500
0 0.566406 0.371094 0.020313 0.026562
0 0.591406 0.429688 0.045312 0.081250
0 0.649219 0.389062 0.079687 0.134375
0 0.706250 0.342969 0.012500 0.020313
0 0.735156 0.417187 0.057813 0.087500
0 0.861719 0.381250 0.014063 0.025000
0 0.842187 0.380469 0.012500 0.020313
0 0.769531 0.377344 0.014063 0.014063
0 0.803125 0.374219 0.012500 0.017188
2 0.352344 0.371875 0.035937 0.056250
0 0.481250 0.380469 0.071875 0.120313
2 0.923438 0.410156 0.093750 0.135937
