0 0.012500 0.300781 0.021875 0.039062
0 0.050000 0.296094 0.021875 0.042188
0 0.064844 0.289844 0.020313 0.042188
0 0.091406 0.296094 0.017188 0.035937
0 0.119531 0.283594 0.023438 0.045312
0 0.145313 0.285156 0.018750 0.035937
0 0.164062 0.294531 0.021875 0.039062
0 0.200000 0.287500 0.018750 0.040625
0 0.219531 0.288281 0.023438 0.039062
0 0.275000 0.291406 0.068750 0.123438
0 0.340625 0.278906 0.021875 0.048438
0 0.360938 0.282813 0.021875 0.050000
0 0.395313 0.281250 0.053125 0.096875
0 0.436719 0.267969 0.026562 0.051562
0 0.455469 0.263281 0.023438 0.048438
0 0.473438 0.282031 0.025000 0.048438
0 0.518750 0.278906 0.021875 0.048438
0 0.548438 0.277344 0.021875 0.045312
0 0.591406 0.275781 0.023438 0.048438
0 0.608594 0.275781 0.017188 0.042188
0 0.623437 0.275781 0.015625 0.042188
0 0.641406 0.267969 0.020313 0.039062
0 0.667969 0.296094 0.026562 0.048438
0 0.710156 0.290625 0.026562 0.046875
0 0.749219 0.258594 0.026562 0.051562
0 0.790625 0.285156 0.021875 0.042188
0 0.817187 0.290625 0.028125 0.053125
0 0.833594 0.257031 0.023438 0.048438
0 0.876563 0.296094 0.028125 0.054688
0 0.904687 0.284375 0.028125 0.053125
0 0.951562 0.272656 0.028125 0.048438
0 0.980469 0.303906 0.026562 0.045312
1 0.400000 0.415625 0.100000 0.159375
1 0.123438 0.354687 0.059375 0.090625
