0 0.1314338240190409 0.26795581146143377 0.027573529514484107 0.060773483011871576
0 0.5450367667363025 0.2803867511684075 0.027573529514484107 0.06353591405786574
0 0.8465073560946621 0.3093922771513462 0.05330882372800261 0.10497237974777818
0 0.9099264739779755 0.30524863058235496 0.06985294143669307 0.12983425916172564
0 0.7931985323666595 0.27071824250742793 0.04595588252414018 0.10497237974777818
0 0.7435661792405881 0.3162983547663316 0.04595588252414018 0.08563536242581904
0 0.6838235319592059 0.28453039773739874 0.03676470601931214 0.08287293137982488
0 0.6470588259398937 0.28314918221440166 0.03308823541738093 0.07458563824184239
0 0.5808823551051319 0.2872928287833929 0.03308823541738093 0.07182320719584823
0 0.4669117664452642 0.27071824250742793 0.03308823541738093 0.0662983451038599
0 0.4347426486783661 0.27624310459941626 0.023897058912552893 0.05524862091988325
0 0.40257353091146797 0.2803867511684075 0.022058823611587286 0.046961327781900764
0 0.37316176609601825 0.3024861995363608 0.029411764815449715 0.058011051965877414
0 0.32077206001849845 0.272099458030425 0.023897058912552893 0.046961327781900764
0 0.2867647069506347 0.2734806735534221 0.022058823611587286 0.0441988967359066
0 0.16911764768883586 0.2790055356454104 0.055147059028968215 0.10497237974777818
