0 0.6290000298758969 0.4820895560551435 0.0740000035148114 0.12238806067034602
0 0.4070000193314627 0.46119403350166976 0.058000002754852176 0.10447761276736856
0 0.6990000332007185 0.5044776159338653 0.058000002754852176 0.09552238881587982
0 0.19600000930950046 0.5059701532591134 0.04800000227987766 0.09850746346637607
0 0.24500001163687557 0.5238806011620909 0.05400000256486237 0.11044776206836104
0 0.5520000262185931 0.4895522426813841 0.05200000246986747 0.10149253811687231
0 0.03200000151991844 0.45373134687542915 0.06000000284984708 0.18507462833076715
0 0.26800001272931695 0.46716418280266225 0.05200000246986747 0.09850746346637607
0 0.30300001439172775 0.5074626905843616 0.042000001994892955 0.08358209021389484
0 0.5240000248886645 0.5059701532591134 0.03600000170990825 0.07462686626240611
