0 0.094531 0.179688 0.104688 0.156250
0 0.025781 0.199219 0.045312 0.117188
0 0.354687 0.320312 0.056250 0.100000
0 0.464844 0.370312 0.048438 0.081250
0 0.416406 0.395313 0.045312 0.065625
0 0.185938 0.339844 0.040625 0.057813
0 0.566406 0.377344 0.042188 0.070312
0 0.525781 0.417187 0.026562 0.043750
0 0.778906 0.193750 0.104688 0.146875
0 0.903906 0.290625 0.057813 0.103125
1 0.789062 0.402344 0.215625 0.289062
1 0.571875 0.516406 0.096875 0.185938
1 0.464062 0.513281 0.112500 0.195312
1 0.349219 0.474219 0.101562 0.214062
1 0.250000 0.481250 0.128125 0.250000
1 0.110156 0.403125 0.167187 0.296875
