0 0.3330000158166513 0.19519519992172718 0.050000002374872565 0.07807807996869087
0 0.6740000320132822 0.1621621660888195 0.05200000246986747 0.09609609842300415
0 0.14000000664964318 0.22372372914105654 0.04000000189989805 0.08708708919584751
0 0.21000000997446477 0.2552552614361048 0.03600000170990825 0.07207207381725311
0 0.22900001087691635 0.22072072606533766 0.03000000142492354 0.06306306459009647
0 0.8320000395178795 0.31831832602620125 0.06400000303983688 0.1321321353316307
0 0.7010000332957134 0.17417417839169502 0.034000001614913344 0.09009009227156639
0 0.6020000285934657 0.19819820299744606 0.04400000208988786 0.09009009227156639
0 0.4420000209938735 0.2147147199138999 0.04400000208988786 0.09309309534728527
0 0.4870000231312588 0.23873874451965094 0.050000002374872565 0.08708708919584751
0 0.5380000255536288 0.23123123683035374 0.02400000113993883 0.054054055362939835
0 0.08200000389479101 0.2147147199138999 0.04400000208988786 0.08108108304440975
0 0.013000000617466867 0.2072072122246027 0.02200000104494393 0.08408408612012863
