2 0.9405010646441951 0.3105849529383704 0.07724426058121026 0.1364902483765036
2 0.5417536654276773 0.3579387125791982 0.06471816427074373 0.1253481872845441
2 0.7933194329962134 0.3788300771266222 0.07515657786279917 0.1169916414655745
2 0.29331942193675786 0.38440110767260194 0.06471816427074373 0.11142061091959476
2 0.5960334161063656 0.38022283476311713 0.056367433397099376 0.08635097346268594
2 0.8684760108590126 0.3955431687645614 0.058455116115510464 0.10584958037361503
2 0.723382061929442 0.38161559239961207 0.06471816427074373 0.10027854982763529
2 0.43319416407030076 0.38161559239961207 0.0688935297075659 0.1169916414655745
2 0.14822547300718725 0.3593314702156931 0.05010438524186611 0.08913648873567581
2 0.4102296541677788 0.30362116475589573 0.06054279883392155 0.08356545818969607
2 0.2087682718411088 0.3718662889441475 0.05010438524186611 0.0807799429167062
