0 0.2512499943841249 0.7893772925017402 0.042499999050050974 0.07692307722754776
0 0.29499999340623617 0.7582417612429708 0.04499999899417162 0.08058608090505004
0 0.3399999924004078 0.7747252777917311 0.03999999910593033 0.07692307722754776
0 0.7149999840185046 0.7234432263066992 0.03999999910593033 0.06959706987254322
0 0.8337499813642353 0.7362637391779572 0.042499999050050974 0.07326007355004549
0 0.9149999795481563 0.7454212483717129 0.04999999888241291 0.09157509193755686
0 0.7949999822303653 0.7234432263066992 0.024999999441206455 0.07692307722754776
0 0.6199999861419201 0.6355311380466446 0.024999999441206455 0.05494505516253412
0 0.7062499842140824 0.6446886472404003 0.03249999927356839 0.05128205148503184
0 0.7387499834876508 0.641025643562898 0.0274999993853271 0.05128205148503184
0 0.9137499795760959 0.5934065957553685 0.02249999949708581 0.043956044130027294
