0 0.5451923082000576 0.6228323560208082 0.017307692323811352 0.0202312134206295
0 0.6451923082931899 0.6213872693479061 0.02115384617354721 0.040462426841259
0 0.6711538467789069 0.606936402618885 0.023076923098415136 0.040462426841259
0 0.7028846160392277 0.6040462292730808 0.025000000023283064 0.040462426841259
0 0.7317307699122466 0.619942182675004 0.02115384617354721 0.03757225349545479
0 0.7644230776350014 0.6257225293666124 0.025000000023283064 0.03757225349545479
0 0.7932692315080203 0.6141618359833956 0.025000000023283064 0.04335260018706322
0 0.8115384622942656 0.6286127027124166 0.015384615398943424 0.03179190680384636
0 0.8250000007683411 0.6257225293666124 0.01923076924867928 0.03179190680384636
0 0.8653846161905676 0.6170520093291998 0.03076923079788685 0.04335260018706322
0 0.05000000004656613 0.6213872693479061 0.01923076924867928 0.034682080149650574
0 0.36442307726247236 0.6286127027124166 0.017307692323811352 0.02601156011223793
