0 0.07454545504879206 0.5683059953153133 0.06181818223558366 0.12021857593208551
0 0.7518181868945248 0.3579234874341637 0.027272727456875145 0.04918032651767135
0 0.6236363678472117 0.4931693853577599 0.050909091252833605 0.10655737412162125
0 0.8154545509605668 0.3647540883393958 0.02363636379595846 0.04098360543139279
0 0.15909091016510502 0.6461748456349596 0.07090909138787538 0.12295081629417837
0 0.3090909111779183 0.6038251200225204 0.06545454589650035 0.12568305665627122
0 0.45818182127550244 0.6420764850918204 0.06545454589650035 0.12021857593208551
0 0.43818182114046067 0.48087430372834206 0.03636363660916686 0.06557376869022846
0 0.4654545485973358 0.5232240293407813 0.04727272759191692 0.09562841267324984
0 0.535454549069982 0.5300546302460134 0.056363636744208634 0.0983606530353427
0 0.6236363678472117 0.6038251200225204 0.06545454589650035 0.12021857593208551
0 0.6981818228960037 0.46038250101264566 0.04000000027008355 0.0519125668797642
0 0.6954545501503162 0.5177595486165956 0.05272727308329195 0.09562841267324984
0 0.7763636416057125 0.5614753944100812 0.04727272759191692 0.09016393194906414
0 0.880000005941838 0.6243169227382168 0.07636363687925041 0.12295081629417837
0 0.9172727334662341 0.5409835916943848 0.06000000040512532 0.0983606530353427
0 0.9836363702779636 0.45901638083159924 0.032727272948250175 0.07650273013859987
0 0.7909090962493792 0.41803277540020645 0.04000000027008355 0.06557376869022846
