0 0.17800000845454633 0.41199999558739364 0.12400000588968396 0.18399999802932143
0 0.4500000213738531 0.421333328820765 0.0760000036098063 0.11733333207666874
0 0.3060000145342201 0.4506666618399322 0.09600000455975533 0.14399999845772982
0 0.7850000372854993 0.4533333284780383 0.058000002754852176 0.09066666569560766
0 0.5660000268835574 0.44933332852087915 0.05200000246986747 0.09333333233371377
0 0.7100000337231904 0.4426666619256139 0.05600000265985727 0.09599999897181988
0 0.5160000245086849 0.47199999494478106 0.04400000208988786 0.07999999914318323
0 0.678000032203272 0.47866666154004633 0.03600000170990825 0.06666666595265269
0 0.3620000171940774 0.4733333282638341 0.04000000189989805 0.09333333233371377
0 0.07000000332482159 0.4733333282638341 0.02400000113993883 0.04533333284780383
