0 0.4441666774218902 0.27124999393709004 0.08833333547227085 0.18749999580904841
0 0.12000000290572643 0.2687499939929694 0.076666668523103 0.15749999647960067
0 0.27833334007300436 0.29499999340623617 0.043333334382623434 0.08999999798834324
0 0.35750000865664333 0.313749992987141 0.0383333342615515 0.07749999826774001
0 0.5008333454607055 0.2912499934900552 0.031666667433455586 0.0824999981559813
0 0.5766666806302965 0.26624999404884875 0.03666666755452752 0.0824999981559813
0 0.6566666825674474 0.2974999933503568 0.02666666731238365 0.06499999854713678
0 0.7391666845651343 0.2737499938812107 0.031666667433455586 0.06749999849125743
0 0.763333351816982 0.29874999332241714 0.04000000096857548 0.0824999981559813
0 0.8216666865628213 0.2899999935179949 0.05000000121071935 0.08999999798834324
0 0.9858333572046831 0.32624999270774424 0.02833333401940763 0.11749999737367034
0 0.20833333837799728 0.33874999242834747 0.1000000024214387 0.16249999636784196
0 0.05666666803881526 0.2687499939929694 0.06333333486691117 0.11249999748542905
0 0.5258333460660651 0.28249999368563294 0.02833333401940763 0.06499999854713678
0 0.92166668898426 0.32749999267980456 0.09000000217929482 0.14999999664723873
0 0.6841666832333431 0.2799999937415123 0.04500000108964741 0.09499999787658453
