0 0.14913793047890067 0.4587155766785145 0.07413793075829744 0.12385320570319891
0 0.2181034474633634 0.41857796371914446 0.049999999813735485 0.08027522591874003
0 0.383620688226074 0.41972475266084075 0.04310344811528921 0.06880733650177717
0 0.41896551568061113 0.4082568632438779 0.03448275849223137 0.06880733650177717
0 0.5060344808734953 0.46100915456190705 0.04310344811528921 0.06880733650177717
0 0.5086206877604127 0.4071100743021816 0.04137931019067764 0.061926602851599455
0 0.6051724115386605 0.42087154160253704 0.037931034341454506 0.05733944708481431
0 0.6534482734277844 0.40366970747709274 0.031034482643008232 0.05504586920142174
0 0.7129310318268836 0.4483944762032479 0.03620689641684294 0.05733944708481431
0 0.7741379281505942 0.4174311747774482 0.03448275849223137 0.05963302496820688
0 0.8620689623057842 0.4415137425530702 0.031034482643008232 0.052752291318029165
0 0.2965517230331898 0.4002293406520039 0.051724137738347054 0.08944953745231032
0 0.33103448152542114 0.41055044112727046 0.031034482643008232 0.07798164803534746
