0 0.058594 0.800000 0.114062 0.215625
0 0.130469 0.659375 0.045312 0.084375
0 0.219531 0.623437 0.032813 0.053125
0 0.228906 0.682813 0.057813 0.115625
0 0.303125 0.681250 0.075000 0.109375
0 0.071875 0.546094 0.018750 0.032813
0 0.417187 0.658594 0.053125 0.104688
0 0.473438 0.703125 0.065625 0.128125
0 0.545312 0.760156 0.103125 0.176563
0 0.549219 0.621875 0.035937 0.046875
0 0.611719 0.621875 0.035937 0.053125
0 0.710938 0.749219 0.096875 0.164062
0 0.784375 0.867188 0.200000 0.262500
0 0.675781 0.674219 0.064062 0.095312
0 0.732031 0.635156 0.032813 0.057813
0 0.839844 0.700781 0.079687 0.132812
0 0.914844 0.713281 0.070312 0.139063
0 0.715625 0.602344 0.021875 0.039062
0 0.782813 0.623437 0.034375 0.053125
0 0.833594 0.609375 0.029687 0.043750
0 0.326562 0.775781 0.118750 0.167187
0 0.348438 0.652344 0.040625 0.079687
0 0.182812 0.549219 0.015625 0.026562
0 0.514062 0.641406 0.034375 0.060937
2 0.953906 0.599219 0.026562 0.035937
2 0.917188 0.622656 0.028125 0.042188
0 0.940625 0.646875 0.050000 0.068750
2 0.746875 0.598437 0.018750 0.025000
2 0.661719 0.605469 0.023438 0.029687
2 0.792188 0.592187 0.018750 0.028125
2 0.873437 0.594531 0.015625 0.026562
0 0.852344 0.592187 0.029687 0.037500
0 0.992188 0.616406 0.015625 0.048438
0 0.931250 0.589844 0.018750 0.023438
0 0.971094 0.600000 0.017188 0.034375
