0 0.8541667112149298 0.33194445248227566 0.03333333507180214 0.05277777905575931
0 0.7270833712536842 0.7430555735481903 0.03333333507180214 0.04722222336567938
0 0.7364583717426285 0.44861112197395414 0.031250001629814506 0.04722222336567938
0 0.6281250327592716 0.3583333420101553 0.03958333539776504 0.055555556900799274
0 0.5520833621267229 0.5430555687053129 0.03333333507180214 0.05277777905575931
0 0.5510416954057291 0.6333333486691117 0.031250001629814506 0.05000000121071935
0 0.48020835837814957 0.7888889079913497 0.03541666851378977 0.055555556900799274
0 0.26979168073739856 0.5972222366835922 0.03958333539776504 0.055555556900799274
0 0.26875001401640475 0.34027778601739556 0.03750000195577741 0.05833333474583924
0 0.15833334159106016 0.4736111225793138 0.041666668839752674 0.06388889043591917
0 0.3281250171130523 0.4527777887415141 0.03958333539776504 0.055555556900799274
0 0.37500001955777407 0.533333346247673 0.03333333507180214 0.05000000121071935
