0 0.249219 0.503906 0.073438 0.132812
0 0.324219 0.507812 0.042188 0.087500
0 0.360156 0.527344 0.054688 0.101562
0 0.449219 0.473438 0.045312 0.093750
0 0.539062 0.522656 0.043750 0.085938
0 0.597656 0.534375 0.060937 0.106250
0 0.649219 0.508594 0.035937 0.064062
1 0.655469 0.611719 0.067187 0.132812
1 0.584375 0.697656 0.084375 0.226562
1 0.539844 0.663281 0.060937 0.185938
1 0.449219 0.622656 0.089063 0.201563
1 0.361719 0.700781 0.120313 0.245312
1 0.242969 0.702344 0.110937 0.264062
