0 0.5470000259811059 0.5315315444022417 0.0740000035148114 0.12612612918019295
0 0.15500000736210495 0.474474485963583 0.0740000035148114 0.12012012302875519
0 0.523000024841167 0.4444444552063942 0.042000001994892955 0.060060061514377594
0 0.7430000352906063 0.4564564675092697 0.042000001994892955 0.060060061514377594
2 0.34000001614913344 0.4894895013421774 0.06400000303983688 0.08408408612012863
2 0.3960000188089907 0.44594595674425364 0.06000000284984708 0.08108108304440975
2 0.4660000221338123 0.4564564675092697 0.05200000246986747 0.07207207381725311
2 0.6430000305408612 0.4669669782742858 0.06200000294484198 0.09309309534728527
2 0.6820000323932618 0.5030030151829123 0.04400000208988786 0.09309309534728527
0 0.7070000335806981 0.4114114213734865 0.03800000180490315 0.054054055362939835
2 0.6060000287834555 0.3918919013813138 0.028000001329928637 0.051051052287220955
2 0.6490000308258459 0.3738738829270005 0.03000000142492354 0.057057058438658714
2 0.6750000320607796 0.3813813906162977 0.026000001234933734 0.048048049211502075
2 0.5390000256011263 0.40540541522204876 0.03000000142492354 0.048048049211502075
