0 0.936719 0.496094 0.042188 0.060937
0 0.868750 0.491406 0.031250 0.054688
0 0.759375 0.483594 0.034375 0.054688
0 0.726562 0.496094 0.028125 0.042188
0 0.675781 0.492188 0.026562 0.040625
0 0.653125 0.482031 0.028125 0.057813
0 0.622656 0.484375 0.026562 0.046875
0 0.596875 0.494531 0.025000 0.039062
0 0.611719 0.460156 0.014063 0.029687
0 0.577344 0.477344 0.020313 0.035937
0 0.560937 0.475781 0.021875 0.042188
0 0.519531 0.487500 0.026562 0.046875
0 0.496875 0.476562 0.025000 0.046875
2 0.544531 0.504687 0.032813 0.059375
0 0.448437 0.492969 0.025000 0.048438
0 0.395313 0.498437 0.031250 0.056250
0 0.364063 0.485938 0.021875 0.034375
0 0.384375 0.461719 0.025000 0.035937
0 0.275000 0.506250 0.028125 0.043750
0 0.239844 0.500000 0.026562 0.046875
0 0.196094 0.495312 0.035937 0.053125
0 0.102344 0.504687 0.032813 0.046875
0 0.066406 0.491406 0.039062 0.064062
0 0.307812 0.492969 0.050000 0.073438
