2 0.982031 0.536719 0.023438 0.035937
2 0.960156 0.551562 0.014063 0.028125
2 0.910937 0.551562 0.018750 0.034375
2 0.896875 0.540625 0.021875 0.037500
2 0.912500 0.522656 0.012500 0.023438
2 0.885938 0.521094 0.012500 0.020313
2 0.881250 0.541406 0.025000 0.026562
2 0.867188 0.525000 0.012500 0.025000
2 0.861719 0.550000 0.017188 0.031250
2 0.850781 0.520312 0.014063 0.025000
2 0.815625 0.539844 0.018750 0.035937
2 0.822656 0.520312 0.010937 0.021875
2 0.805469 0.515625 0.014063 0.021875
2 0.776563 0.525781 0.012500 0.023438
2 0.761719 0.517188 0.014063 0.025000
2 0.765625 0.575781 0.012500 0.023438
2 0.731250 0.496875 0.009375 0.021875
2 0.731250 0.521094 0.012500 0.020313
2 0.706250 0.496875 0.012500 0.021875
2 0.693750 0.547656 0.018750 0.035937
2 0.677344 0.499219 0.014063 0.023438
2 0.665625 0.547656 0.015625 0.032813
2 0.676562 0.550000 0.015625 0.034375
2 0.628125 0.582812 0.018750 0.040625
2 0.641406 0.548438 0.017188 0.034375
2 0.643750 0.520312 0.012500 0.021875
2 0.621094 0.503125 0.014063 0.025000
2 0.608594 0.521875 0.014063 0.021875
2 0.607031 0.502344 0.010937 0.017188
2 0.599219 0.503125 0.010937 0.018750
2 0.585938 0.526563 0.012500 0.021875
2 0.582031 0.555469 0.014063 0.026562
2 0.607031 0.568750 0.017188 0.028125
2 0.567187 0.517969 0.015625 0.023438
2 0.553906 0.499219 0.010937 0.020313
2 0.554688 0.557813 0.018750 0.031250
2 0.542188 0.559375 0.012500 0.028125
2 0.529687 0.496875 0.012500 0.025000
2 0.526563 0.560156 0.018750 0.032813
2 0.516406 0.528906 0.010937 0.020313
2 0.496875 0.542969 0.018750 0.035937
2 0.499219 0.490625 0.010937 0.025000
2 0.490625 0.504687 0.009375 0.018750
2 0.478906 0.497656 0.010937 0.020313
2 0.477344 0.546875 0.017188 0.028125
2 0.464844 0.547656 0.014063 0.026562
2 0.454688 0.521875 0.012500 0.021875
2 0.446094 0.541406 0.014063 0.029687
2 0.439063 0.557031 0.018750 0.032813
2 0.432031 0.507031 0.010937 0.023438
2 0.385937 0.556250 0.015625 0.028125
2 0.403125 0.573438 0.009375 0.015625
2 0.373437 0.579688 0.028125 0.050000
2 0.346094 0.546875 0.014063 0.031250
2 0.330469 0.545312 0.017188 0.031250
2 0.307031 0.563281 0.020313 0.035937
2 0.283594 0.540625 0.023438 0.037500
2 0.264062 0.550000 0.018750 0.034375
2 0.243750 0.546875 0.015625 0.031250
2 0.228125 0.539844 0.018750 0.042188
2 0.192969 0.549219 0.014063 0.029687
2 0.173437 0.546875 0.018750 0.028125
2 0.132031 0.539844 0.017188 0.035937
2 0.116406 0.538281 0.017188 0.029687
2 0.092969 0.543750 0.020313 0.034375
2 0.068750 0.537500 0.018750 0.034375
2 0.024219 0.599219 0.032813 0.054688
2 0.016406 0.545312 0.020313 0.034375
