0 0.5522387931123376 0.35666667530313134 0.055970147950574756 0.12000000290572643
0 0.747201475140173 0.34833334176801145 0.06529850594233721 0.13666666997596622
0 0.9794775891350582 0.383333342615515 0.04104477516375482 0.12666666973382235
2 0.22108208440477028 0.34000000823289156 0.06156716274563223 0.12666666973382235
2 0.04384328256128356 0.3600000087171793 0.06156716274563223 0.12666666973382235
2 0.6343283434398472 0.3533333418890834 0.055970147950574756 0.11333333607763052
2 0.3208955149166286 0.4266666769981384 0.05970149114727974 0.11333333607763052
2 0.7014925209805369 0.36333334213122725 0.044776118360459805 0.11333333607763052
2 0.4878731229691766 0.36500000883825123 0.054104476352222264 0.11000000266358256
0 0.3936567072523758 0.4150000100489706 0.055970147950574756 0.1300000031478703
