0 0.250781 0.400000 0.054688 0.106250
0 0.369531 0.344531 0.035937 0.089063
0 0.961719 0.322656 0.035937 0.079687
0 0.842187 0.300781 0.031250 0.076563
0 0.952344 0.414062 0.035937 0.093750
0 0.979688 0.580469 0.040625 0.104688
0 0.735156 0.300000 0.032813 0.075000
0 0.805469 0.373437 0.039062 0.071875
0 0.775781 0.417969 0.039062 0.095312
0 0.810937 0.503125 0.053125 0.106250
0 0.885156 0.558594 0.054688 0.114062
0 0.881250 0.683594 0.071875 0.151562
0 0.719531 0.368750 0.045312 0.084375
0 0.768750 0.598437 0.059375 0.121875
0 0.724219 0.671875 0.076563 0.143750
0 0.632031 0.598437 0.070312 0.125000
0 0.651563 0.416406 0.050000 0.098437
0 0.623437 0.362500 0.037500 0.081250
0 0.614844 0.305469 0.035937 0.067187
0 0.523438 0.345313 0.034375 0.090625
0 0.558594 0.466406 0.054688 0.095312
0 0.432812 0.523438 0.065625 0.121875
0 0.400000 0.439844 0.037500 0.092188
0 0.914062 0.446875 0.050000 0.090625
0 0.963281 0.794531 0.073438 0.151562
2 0.652344 0.181250 0.035937 0.068750
2 0.417969 0.191406 0.039062 0.079687
2 0.347656 0.146875 0.035937 0.075000
2 0.294531 0.190625 0.029687 0.075000
2 0.055469 0.263281 0.035937 0.070312
0 0.137500 0.236719 0.065625 0.154688
