0 0.063281 0.385156 0.092188 0.170313
0 0.113281 0.410938 0.020313 0.059375
0 0.182812 0.380469 0.071875 0.126562
0 0.239063 0.400000 0.031250 0.068750
0 0.318750 0.368750 0.028125 0.065625
0 0.434375 0.389844 0.021875 0.060937
0 0.457031 0.387500 0.035937 0.081250
0 0.503906 0.365625 0.064062 0.131250
0 0.573438 0.347656 0.046875 0.107813
0 0.659375 0.373437 0.028125 0.068750
0 0.686719 0.333594 0.051562 0.110937
0 0.782031 0.317188 0.073438 0.137500
0 0.874219 0.375000 0.039062 0.071875
2 0.384375 0.377344 0.025000 0.054688
0 0.950781 0.292187 0.085938 0.178125
