0 0.15162722091190517 0.6542452927678823 0.04289940884336829 0.05754717066884041
0 0.28328402736224234 0.6556603871285915 0.0369822490029037 0.05283018946647644
0 0.3646449751686305 0.6665094438940287 0.0369822490029037 0.04811320826411247
0 0.5861686466960236 0.6844339724630117 0.04215976386331022 0.05188679322600365
0 0.18158284260425717 0.24198113568127155 0.03476331406272948 0.04811320826411247
0 0.21634615666698664 0.37547170370817184 0.03476331406272948 0.04716981202363968
0 0.15754438075236976 0.41650944016873837 0.031065089162439108 0.046226415783166885
0 0.4315828458638862 0.5462264232337475 0.030325444182381034 0.049056604504585266
0 0.47115385229699314 0.5113207623362541 0.028106509242206812 0.043396227061748505
0 0.529215983231552 0.525471705943346 0.03180473414249718 0.04716981202363968
0 0.5691568121546879 0.5735849142074585 0.030325444182381034 0.04528301954269409
0 0.6017011912772432 0.5047169886529446 0.03180473414249718 0.04716981202363968
0 0.6250000081490725 0.5514151025563478 0.031065089162439108 0.04245283082127571
0 0.6623520796420053 0.6028301976621151 0.028846154222264886 0.04716981202363968
0 0.6978550386847928 0.6287735942751169 0.027366864262148738 0.0443396233022213
0 0.6841716065537184 0.5462264232337475 0.034023669082671404 0.04716981202363968
0 0.47928994707763195 0.2797169853001833 0.028106509242206812 0.046226415783166885
0 0.49112426675856113 0.43490566685795784 0.03550295904278755 0.049056604504585266
0 0.5443787053227425 0.22311321087181568 0.02958579920232296 0.04811320826411247
0 0.48631657438818365 0.6943396329879761 0.036242604022845626 0.05283018946647644
0 0.8971893608104438 0.6872641611844301 0.032544379122555256 0.04811320826411247
0 0.8979290057905018 0.8080188799649477 0.034023669082671404 0.04245283082127571
0 0.9460059294942766 0.7518868036568165 0.032544379122555256 0.04528301954269409
