0 0.27200001291930676 0.3843843936920166 0.0800000037997961 0.12612612918019295
0 0.5020000238437206 0.39789790753275156 0.03600000170990825 0.07507507689297199
0 0.47100002237129956 0.39039039984345436 0.034000001614913344 0.07207207381725311
0 0.5640000267885625 0.40090091060847044 0.04000000189989805 0.06906907074153423
0 0.6030000286409631 0.3843843936920166 0.034000001614913344 0.06606606766581535
0 0.6520000309683383 0.39339340291917324 0.04400000208988786 0.09009009227156639
0 0.9180000436026603 0.34534535370767117 0.09600000455975533 0.14414414763450623
0 0.7160000340081751 0.3363363444805145 0.09200000436976552 0.15615615993738174
0 0.7590000360505655 0.3768768860027194 0.03800000180490315 0.08108108304440975
0 0.8560000406578183 0.3813813906162977 0.04000000189989805 0.07807807996869087
