2 0.13300000631716102 0.2727272640913725 0.1540000073146075 0.26060605235397816
2 0.7570000359555706 0.22878787154331803 0.13000000617466867 0.2333333259448409
2 0.6140000291634351 0.2878787787631154 0.0760000036098063 0.15757575258612633
2 0.37500001781154424 0.35151514038443565 0.09800000465475023 0.18787878192961216
2 0.4930000234162435 0.31666665663942695 0.06600000313483179 0.11818181443959475
2 0.2510000119218603 0.3575757462531328 0.042000001994892955 0.072727270424366
2 0.30100001429673284 0.3409090801142156 0.042000001994892955 0.08181817922741175
2 0.5860000278335065 0.033333332277834415 0.03200000151991844 0.04848484694957733
2 0.6390000303508714 0.03939393814653158 0.03000000142492354 0.060606058686971664
2 0.6940000329632312 0.04696969548240304 0.02400000113993883 0.05757575575262308
2 0.27600001310929656 0.17575757019221783 0.028000001329928637 0.04848484694957733
2 0.3160000150091946 0.03939393814653158 0.02400000113993883 0.0545454528182745
2 0.3450000163866207 0.040909089613705873 0.02200000104494393 0.03939393814653158
2 0.3980000189039856 0.024242423474788666 0.02400000113993883 0.042424241080880165
2 0.3800000180490315 0.03939393814653158 0.020000000949949026 0.04848484694957733
2 0.3660000173840672 0.053030301351100206 0.020000000949949026 0.04545454401522875
