0 0.041000001947395504 0.5839999937452376 0.0740000035148114 0.12266666535288095
0 0.17900000850204378 0.5626666606403887 0.07000000332482159 0.10666666552424431
0 0.5400000256486237 0.6119999934453517 0.06800000322982669 0.09333333233371377
0 0.38300001819152385 0.569333327235654 0.050000002374872565 0.08799999905750155
0 0.6210000294959173 0.5799999937880784 0.04600000218488276 0.09866666560992599
0 0.8760000416077673 0.5959999936167151 0.04400000208988786 0.07199999922886491
0 0.6140000291634351 0.4306666620541364 0.04000000189989805 0.06133333267644048
0 0.5000000237487257 0.5319999943021685 0.04000000189989805 0.06133333267644048
0 0.574000027263537 0.3986666623968631 0.02400000113993883 0.050666666124016047
0 0.6490000308258459 0.4106666622683406 0.03000000142492354 0.05866666603833437
