0 0.04977876087650657 0.2450000059325248 0.05973451305180788 0.11000000266358256
0 0.12278761016204953 0.2533333394676447 0.042035398073494434 0.07333333510905504
0 0.18141592852771282 0.2533333394676447 0.05309734493494034 0.1000000024214387
0 0.2533185831271112 0.2900000070221722 0.046460176818072796 0.08666666876524687
0 0.2898230077698827 0.24666667263954878 0.02654867246747017 0.0533333346247673
0 0.32632743241265416 0.2216666720341891 0.07300884928554296 0.14333333680406213
0 0.37278760923072696 0.2816666734870523 0.042035398073494434 0.10333333583548665
0 0.6283185817301273 0.2916666737291962 0.044247787445783615 0.07000000169500709
0 0.7356194662861526 0.27333333995193243 0.05530973430722952 0.11333333607763052
0 0.4933628300204873 0.1916666713077575 0.08407079614698887 0.1766666709445417
0 0.7920353952795267 0.20166667154990137 0.07964601740241051 0.15666667046025395
