0 0.7260000344831496 0.42666666209697723 0.04800000227987766 0.09599999897181988
0 0.16700000793207437 0.41199999558739364 0.05400000256486237 0.09866666560992599
0 0.44300002104137093 0.39733332907781005 0.04600000218488276 0.08533333241939545
0 0.2940000139642507 0.4226666621398181 0.03600000170990825 0.07199999922886491
0 0.3720000176690519 0.41466666222549975 0.04400000208988786 0.08266666578128934
0 0.5060000240337104 0.4133333289064467 0.04000000189989805 0.08533333241939545
0 0.025000001187436283 0.32799999648705125 0.04600000218488276 0.2079999977722764
0 0.554000026313588 0.4413333286065608 0.04000000189989805 0.07199999922886491
0 0.47500002256128937 0.4186666621826589 0.034000001614913344 0.07466666586697102
0 0.6340000301133841 0.44533332856372 0.04400000208988786 0.07466666586697102
0 0.5910000280709937 0.46399999503046274 0.03800000180490315 0.07466666586697102
0 0.6900000327732414 0.44666666188277304 0.04000000189989805 0.07199999922886491
0 0.7790000370005146 0.4573333284351975 0.050000002374872565 0.08266666578128934
0 0.7890000374754891 0.41199999558739364 0.042000001994892955 0.06666666595265269
0 0.8780000417027622 0.40266666235402226 0.04800000227987766 0.08533333241939545
