0 0.798438 0.648438 0.050000 0.078125
0 0.758594 0.654687 0.042188 0.078125
0 0.658594 0.680469 0.045312 0.070312
0 0.689844 0.650781 0.026562 0.051562
0 0.539844 0.780469 0.042188 0.057813
0 0.460156 0.636719 0.045312 0.054688
0 0.353906 0.654687 0.029687 0.059375
0 0.332813 0.735156 0.040625 0.051562
0 0.311719 0.661719 0.023438 0.045312
0 0.255469 0.694531 0.035937 0.054688
0 0.297656 0.782031 0.029687 0.042188
1 0.829688 0.769531 0.090625 0.154688
1 0.771094 0.735938 0.073438 0.118750
1 0.689844 0.757031 0.079687 0.139063
1 0.604688 0.774219 0.093750 0.079687
1 0.375781 0.773438 0.082812 0.100000
1 0.264062 0.793750 0.090625 0.062500
